1 0.019108 0.483333 0.016379 0.400000
1 0.242493 0.854167 0.013649 0.291667
1 0.242038 0.504167 0.021838 0.391667
1 0.241583 0.145833 0.011829 0.275000
1 0.354413 0.362500 0.017288 0.291667
3 0.466788 0.466667 0.014559 0.383333
1 0.631938 0.658333 0.015469 0.333333
1 0.635578 0.358333 0.015469 0.333333
1 0.802093 0.583333 0.015469 0.333333
3 0.743858 0.800000 0.019108 0.316667
1 0.860328 0.166667 0.017288 0.316667
1 0.520018 0.641667 0.017288 0.316667
0 0.352138 0.108333 0.020018 0.200000
0 0.855323 0.858333 0.012739 0.150000
0 0.017288 0.850000 0.018198 0.250000
0 0.970428 0.120833 0.019108 0.225000
1 0.410828 0.879167 0.017288 0.241667
4 0.522293 0.904167 0.016379 0.191667
