1 0.075410 0.256506 0.052459 0.141264
1 0.485246 0.459108 0.052459 0.152416
1 0.485246 0.243494 0.045902 0.137546
1 0.683607 0.057621 0.049180 0.107807
1 0.688525 0.362454 0.065574 0.137546
1 0.693443 0.503717 0.049180 0.130112
1 0.688525 0.646840 0.052459 0.141264
1 0.483607 0.605948 0.049180 0.141264
1 0.891803 0.687732 0.045902 0.156134
1 0.278689 0.314126 0.045902 0.122677
1 0.286885 0.778810 0.049180 0.144981
1 0.488525 0.931227 0.078689 0.137546
2 0.680328 0.234201 0.068852 0.126394
2 0.281967 0.200743 0.059016 0.126394
1 0.280328 0.083643 0.062295 0.122677
0 0.478689 0.126394 0.059016 0.118959
0 0.083607 0.412639 0.049180 0.096654
0 0.285246 0.626394 0.059016 0.107807
