1 0.014510 0.831395 0.014902 0.337209
1 0.014510 0.215116 0.014902 0.406977
1 0.158431 0.186047 0.012549 0.348837
1 0.205882 0.575581 0.013333 0.430233
1 0.300784 0.226744 0.013333 0.383721
1 0.396863 0.645349 0.010980 0.406977
1 0.447843 0.773256 0.010980 0.383721
1 0.446667 0.383721 0.011765 0.465116
1 0.494118 0.284884 0.014118 0.476744
0 0.443922 0.104651 0.014118 0.186047
0 0.542353 0.872093 0.014902 0.255814
0 0.736863 0.819767 0.013333 0.360465
0 0.736078 0.127907 0.014902 0.232558
1 0.736078 0.430233 0.013333 0.418605
