1 0.040205 0.511236 0.011976 0.370787
1 0.091959 0.393258 0.012831 0.359551
1 0.247220 0.443820 0.015398 0.415730
1 0.144996 0.825843 0.012831 0.325843
2 0.092387 0.764045 0.011976 0.404494
0 0.038922 0.157303 0.016253 0.292135
0 0.091104 0.112360 0.014542 0.202247
0 0.248503 0.820225 0.017964 0.359551
1 0.408041 0.466292 0.013687 0.438202
2 0.355004 0.848315 0.010265 0.303371
0 0.354149 0.162921 0.013687 0.303371
1 0.355860 0.494382 0.013687 0.426966
1 0.458939 0.696629 0.012831 0.449438
1 0.668520 0.365169 0.012831 0.393258
1 0.721985 0.320225 0.013687 0.438202
1 0.773738 0.584270 0.012831 0.382022
1 0.826347 0.376404 0.013687 0.393258
0 0.982891 0.764045 0.015398 0.382022
0 0.827630 0.089888 0.014542 0.157303
0 0.617622 0.196629 0.020530 0.370787
0 0.721985 0.932584 0.015398 0.134831
