1 0.066978 0.370098 0.040498 0.161765
1 0.261682 0.669118 0.043614 0.181373
1 0.448598 0.676471 0.049844 0.176471
1 0.454829 0.845588 0.043614 0.161765
1 0.830218 0.681373 0.052960 0.196078
1 0.822430 0.335784 0.056075 0.181373
1 0.445483 0.110294 0.049844 0.161765
1 0.063863 0.196078 0.052960 0.176471
1 0.255452 0.316176 0.049844 0.171569
2 0.451713 0.509804 0.056075 0.147059
2 0.257009 0.485294 0.046729 0.186275
0 0.827103 0.504902 0.059190 0.156863
0 0.247664 0.188725 0.046729 0.093137
0 0.260125 0.085784 0.052960 0.102941
