1 0.075503 0.387500 0.050336 0.141667
1 0.085570 0.068750 0.057047 0.129167
1 0.285235 0.427083 0.046980 0.162500
1 0.285235 0.270833 0.040268 0.166667
1 0.278523 0.689583 0.053691 0.170833
1 0.484899 0.681250 0.057047 0.112500
1 0.687919 0.493750 0.053691 0.162500
1 0.697987 0.641667 0.053691 0.150000
1 0.290268 0.125000 0.050336 0.116667
1 0.500000 0.131250 0.040268 0.120833
1 0.713087 0.129167 0.057047 0.158333
1 0.478188 0.902083 0.043624 0.120833
1 0.682886 0.897917 0.050336 0.154167
0 0.694631 0.779167 0.067114 0.116667
1 0.907718 0.193750 0.057047 0.162500
1 0.899329 0.347917 0.046980 0.145833
1 0.901007 0.485417 0.050336 0.137500
1 0.894295 0.620833 0.043624 0.133333
1 0.889262 0.781250 0.053691 0.120833
2 0.083893 0.210417 0.053691 0.154167
