1 0.119363 0.268852 0.037135 0.131148
1 0.116711 0.477049 0.042440 0.114754
0 0.119363 0.572131 0.053050 0.088525
1 0.116711 0.665574 0.037135 0.111475
1 0.287798 0.103279 0.039788 0.134426
1 0.283820 0.231148 0.042440 0.134426
1 0.442971 0.760656 0.037135 0.124590
1 0.606101 0.596721 0.039788 0.124590
1 0.608753 0.834426 0.039788 0.121311
1 0.773210 0.601639 0.045093 0.121311
1 0.773210 0.721311 0.045093 0.137705
1 0.779841 0.277049 0.037135 0.134426
1 0.940318 0.250820 0.029178 0.134426
0 0.448276 0.514754 0.047745 0.098361
