1 0.022953 0.305882 0.015302 0.423529
1 0.116679 0.158824 0.009946 0.294118
1 0.115149 0.505882 0.016067 0.423529
2 0.210406 0.588235 0.012242 0.376471
3 0.211553 0.200000 0.017598 0.376471
3 0.348891 0.623529 0.013772 0.447059
1 0.537873 0.729412 0.012242 0.423529
1 0.537490 0.417647 0.011477 0.317647
0 0.539786 0.141176 0.011477 0.258824
1 0.630834 0.811765 0.011477 0.376471
0 0.629686 0.500000 0.015302 0.317647
1 0.724560 0.535294 0.010712 0.435294
0 0.724178 0.152941 0.011477 0.282353
1 0.865340 0.794118 0.012242 0.411765
1 0.911630 0.652941 0.011477 0.411765
2 0.957536 0.270588 0.013007 0.447059
