1 0.236982 0.678355 0.046759 0.061472
1 0.351753 0.419048 0.093518 0.067532
1 0.048353 0.912987 0.058448 0.083983
1 0.434644 0.754113 0.099894 0.051948
1 0.353879 0.813853 0.091392 0.064069
1 0.585547 0.674026 0.053135 0.096104
1 0.738576 0.555411 0.059511 0.082251
1 0.517535 0.443290 0.048884 0.086580
1 0.717853 0.433333 0.092455 0.047619
1 0.757705 0.854113 0.087141 0.056277
1 0.823592 0.629004 0.048884 0.092641
0 0.420298 0.871861 0.086079 0.058874
0 0.204038 0.750649 0.093518 0.050216
1 0.462806 0.815584 0.111583 0.036364
