1 0.062155 0.093750 0.041436 0.118750
1 0.051105 0.760938 0.035912 0.109375
1 0.051105 0.864062 0.041436 0.096875
1 0.390884 0.665625 0.035912 0.112500
1 0.215470 0.918750 0.038674 0.112500
1 0.215470 0.209375 0.044199 0.131250
1 0.233425 0.303125 0.041436 0.118750
2 0.252762 0.193750 0.063536 0.106250
1 0.232044 0.101562 0.055249 0.096875
0 0.567680 0.523438 0.052486 0.121875
1 0.559392 0.764062 0.035912 0.103125
1 0.903315 0.685937 0.044199 0.134375
1 0.750000 0.321875 0.046961 0.131250
1 0.747238 0.198437 0.035912 0.121875
1 0.908840 0.398438 0.049724 0.121875
0 0.734807 0.629687 0.049724 0.128125
1 0.743094 0.089063 0.044199 0.103125
0 0.577348 0.023438 0.033149 0.040625
3 0.563536 0.662500 0.049724 0.112500
