1 0.070479 0.144509 0.034574 0.086705
1 0.069149 0.242775 0.042553 0.121387
1 0.071809 0.356936 0.042553 0.130058
1 0.069149 0.533237 0.037234 0.101156
1 0.236702 0.222543 0.037234 0.109827
1 0.236702 0.044798 0.037234 0.078035
2 0.242021 0.125723 0.042553 0.095376
2 0.563830 0.276012 0.042553 0.124277
3 0.219415 0.736994 0.050532 0.104046
3 0.772606 0.950867 0.066489 0.098266
3 0.966755 0.856936 0.050532 0.124277
1 0.389628 0.653179 0.045213 0.115607
1 0.382979 0.937861 0.042553 0.095376
1 0.550532 0.773121 0.053191 0.106936
1 0.557181 0.508671 0.034574 0.098266
1 0.557181 0.382948 0.034574 0.106936
1 0.718085 0.559249 0.042553 0.112717
1 0.771277 0.839595 0.037234 0.130058
1 0.894947 0.092486 0.045213 0.115607
3 0.565160 0.179191 0.045213 0.098266
0 0.047872 0.968208 0.047872 0.063584
0 0.410904 0.017341 0.045213 0.028902
0 0.567819 0.030347 0.039894 0.054913
0 0.735372 0.028902 0.050532 0.052023
0 0.900266 0.015896 0.039894 0.026012
