1 0.398424 0.521053 0.015762 0.431579
1 0.509194 0.657895 0.013135 0.368421
1 0.510070 0.247368 0.014886 0.326316
3 0.564799 0.347368 0.014011 0.442105
1 0.618651 0.421053 0.016637 0.421053
1 0.670315 0.784211 0.014886 0.431579
0 0.565674 0.068421 0.012259 0.115789
0 0.726357 0.847368 0.014886 0.305263
1 0.782399 0.384211 0.014886 0.410526
1 0.890981 0.594737 0.014886 0.389474
1 0.942644 0.400000 0.014886 0.442105
2 0.889229 0.889474 0.018389 0.221053
0 0.779772 0.873684 0.016637 0.252632
0 0.834501 0.878947 0.012259 0.242105
