1 0.061475 0.508658 0.040984 0.160173
1 0.549180 0.461039 0.043716 0.160173
1 0.061475 0.132035 0.040984 0.134199
1 0.215847 0.307359 0.038251 0.147186
1 0.217213 0.168831 0.040984 0.155844
1 0.382514 0.160173 0.043716 0.147186
1 0.903005 0.090909 0.046448 0.138528
0 0.215847 0.437229 0.060109 0.077922
1 0.061475 0.246753 0.030055 0.129870
0 0.218579 0.054113 0.038251 0.099567
0 0.385246 0.043290 0.043716 0.077922
0 0.217213 0.833333 0.046448 0.099567
0 0.226776 0.932900 0.043716 0.134199
0 0.907104 0.461039 0.049180 0.108225
