0 0.031122 0.250000 0.019388 0.190476
0 0.031122 0.494048 0.019388 0.250000
0 0.093878 0.113095 0.012245 0.202381
0 0.094388 0.309524 0.013265 0.261905
0 0.157653 0.398810 0.013265 0.226190
0 0.221429 0.559524 0.014286 0.261905
0 0.280612 0.767857 0.012245 0.202381
0 0.284184 0.910714 0.017347 0.178571
0 0.656633 0.386905 0.013265 0.202381
0 0.658163 0.559524 0.014286 0.214286
0 0.846429 0.732143 0.015306 0.297619
0 0.846939 0.505952 0.012245 0.154762
0 0.970408 0.333333 0.012245 0.214286
0 0.972449 0.101190 0.018367 0.178571
