0 0.069091 0.206186 0.058182 0.068729
0 0.280000 0.831615 0.050909 0.041237
0 0.278182 0.915808 0.054545 0.079038
0 0.300000 0.036082 0.054545 0.051546
0 0.298182 0.101375 0.065455 0.072165
0 0.294545 0.173540 0.058182 0.085911
0 0.514545 0.252577 0.047273 0.065292
0 0.507273 0.554983 0.047273 0.044674
4 0.494545 0.615120 0.043636 0.075601
0 0.510909 0.317869 0.061818 0.058419
0 0.489091 0.828179 0.047273 0.048110
0 0.738182 0.290378 0.058182 0.085911
0 0.738182 0.445017 0.058182 0.072165
0 0.718182 0.807560 0.054545 0.075601
0 0.940000 0.786942 0.040000 0.068729
4 0.725455 0.737113 0.047273 0.058419
0 0.490909 0.922680 0.065455 0.044674
