4 0.089378 0.279514 0.044041 0.052083
4 0.098446 0.206597 0.036269 0.052083
4 0.580311 0.921875 0.031088 0.052083
0 0.193005 0.046875 0.038860 0.052083
0 0.256477 0.111111 0.036269 0.048611
0 0.419689 0.218750 0.041451 0.048611
0 0.417098 0.355903 0.036269 0.038194
0 0.419689 0.390625 0.041451 0.045139
0 0.415803 0.439236 0.044041 0.065972
0 0.576425 0.730903 0.044041 0.059028
0 0.582902 0.862847 0.031088 0.059028
2 0.418394 0.319444 0.038860 0.055556
0 0.737047 0.310764 0.033679 0.059028
0 0.905440 0.562500 0.038860 0.055556
0 0.742228 0.939236 0.033679 0.065972
