0 0.175926 0.268657 0.030864 0.052239
0 0.174383 0.360075 0.033951 0.063433
0 0.168210 0.701493 0.046296 0.067164
0 0.166667 0.955224 0.049383 0.067164
0 0.354938 0.906716 0.043210 0.082090
0 0.370370 0.055970 0.049383 0.074627
0 0.552469 0.695896 0.043210 0.055970
0 0.543210 0.764925 0.055556 0.067164
0 0.544753 0.843284 0.046296 0.082090
0 0.740741 0.582090 0.043210 0.074627
0 0.557099 0.337687 0.040123 0.078358
0 0.555556 0.257463 0.043210 0.067164
0 0.932099 0.382463 0.043210 0.093284
0 0.935185 0.294776 0.049383 0.082090
0 0.922840 0.822761 0.043210 0.041045
4 0.558642 0.203358 0.043210 0.048507
2 0.174383 0.580224 0.046296 0.063433
