0 0.479347 0.550481 0.067883 0.052885
0 0.598463 0.542788 0.067883 0.043269
0 0.632405 0.437981 0.056356 0.041346
0 0.699007 0.437981 0.064041 0.041346
0 0.675312 0.531731 0.060199 0.046154
0 0.707333 0.501923 0.070445 0.028846
0 0.560679 0.467308 0.069164 0.065385
0 0.567723 0.633173 0.078130 0.077885
0 0.402498 0.610577 0.093500 0.067308
1 0.588216 0.347115 0.083253 0.080769
1 0.398015 0.428365 0.056356 0.077885
1 0.264169 0.531731 0.119116 0.050000
1 0.447326 0.477404 0.113993 0.037500
1 0.431956 0.782692 0.083253 0.076923
