0 0.244797 0.531600 0.052834 0.056477
0 0.276337 0.642761 0.053794 0.089646
0 0.513769 0.603989 0.058598 0.067683
0 0.588216 0.390408 0.046110 0.078888
0 0.411143 0.278351 0.051873 0.084267
0 0.750560 0.567683 0.052514 0.092784
0 0.483990 0.461900 0.045149 0.103541
0 0.422030 0.560063 0.051873 0.111609
0 0.662504 0.445540 0.073647 0.075303
0 0.566122 0.519050 0.075568 0.085164
1 0.317643 0.359928 0.117195 0.117436
1 0.621518 0.673913 0.062760 0.156432
1 0.472622 0.900717 0.087736 0.140296
1 0.744156 0.755715 0.103746 0.136262
