1 0.674031 0.454327 0.073007 0.039423
1 0.711175 0.566346 0.049952 0.067308
1 0.796990 0.762019 0.065322 0.070192
1 0.387128 0.600962 0.055075 0.063462
1 0.409542 0.640385 0.087096 0.038462
1 0.502402 0.555769 0.065322 0.065385
1 0.316042 0.586058 0.076849 0.052885
1 0.460775 0.762981 0.089657 0.031731
1 0.371118 0.773558 0.097342 0.047115
1 0.558117 0.786058 0.084534 0.045192
1 0.597823 0.694231 0.056356 0.067308
1 0.478706 0.678365 0.058918 0.072115
1 0.490234 0.614904 0.058918 0.070192
1 0.380083 0.513462 0.076849 0.050000
1 0.442203 0.509615 0.055075 0.067308
0 0.293628 0.533173 0.042267 0.060577
