1 0.548851 0.487421 0.090038 0.125786
1 0.366858 0.306604 0.063218 0.198113
1 0.362069 0.095912 0.088123 0.147799
1 0.466475 0.191824 0.097701 0.144654
1 0.542146 0.221698 0.049808 0.185535
1 0.648467 0.393082 0.063218 0.144654
1 0.772989 0.292453 0.086207 0.132075
1 0.691571 0.507862 0.080460 0.147799
1 0.764368 0.136792 0.095785 0.091195
0 0.692529 0.303459 0.074713 0.141509
0 0.434866 0.316038 0.057471 0.091195
0 0.732759 0.048742 0.067050 0.091195
0 0.713602 0.767296 0.059387 0.081761
0 0.809387 0.037736 0.074713 0.069182
