1 0.564583 0.288099 0.051389 0.097242
1 0.259722 0.420174 0.058333 0.114659
1 0.221528 0.301887 0.095833 0.075472
1 0.334722 0.319303 0.097222 0.066763
1 0.410417 0.301887 0.059722 0.101597
1 0.461806 0.459361 0.095833 0.059507
1 0.599306 0.153120 0.109722 0.062409
1 0.642361 0.250363 0.098611 0.079826
1 0.541667 0.365747 0.072222 0.087083
0 0.599306 0.412917 0.051389 0.108853
0 0.328472 0.403483 0.048611 0.049347
0 0.556944 0.097968 0.058333 0.079826
0 0.630556 0.063135 0.061111 0.082729
0 0.677778 0.547170 0.052778 0.049347
