0 0.210173 0.437768 0.032630 0.077253
0 0.212092 0.519313 0.036468 0.103004
0 0.093090 0.916309 0.024952 0.098712
0 0.450096 0.414163 0.036468 0.098712
0 0.452015 0.238197 0.028791 0.055794
0 0.444338 0.652361 0.036468 0.094421
0 0.685221 0.371245 0.026871 0.055794
0 0.683301 0.442060 0.038388 0.094421
0 0.686180 0.534335 0.036468 0.107296
0 0.439539 0.744635 0.038388 0.098712
0 0.560461 0.600858 0.030710 0.085837
0 0.444338 0.815451 0.028791 0.085837
0 0.805182 0.242489 0.032630 0.098712
0 0.689060 0.036481 0.030710 0.064378
0 0.919386 0.542918 0.034549 0.081545
