0 0.079823 0.069498 0.026608 0.054054
0 0.086475 0.540541 0.039911 0.100386
0 0.215078 0.586873 0.057650 0.092664
0 0.217295 0.472973 0.044346 0.057915
0 0.213969 0.150579 0.042129 0.092664
0 0.213969 0.245174 0.046563 0.104247
0 0.212860 0.332046 0.035477 0.084942
0 0.358093 0.347490 0.037694 0.046332
0 0.494457 0.160232 0.035477 0.081081
0 0.492239 0.279923 0.035477 0.096525
0 0.491131 0.536680 0.046563 0.084942
0 0.492239 0.648649 0.044346 0.054054
0 0.491131 0.710425 0.046563 0.061776
0 0.493348 0.806950 0.033259 0.100386
0 0.771619 0.683398 0.039911 0.054054
0 0.626386 0.851351 0.033259 0.050193
0 0.769401 0.739382 0.039911 0.065637
0 0.904656 0.812741 0.035477 0.065637
0 0.631929 0.957529 0.035477 0.077220
