0 0.049757 0.057627 0.036408 0.040678
0 0.057039 0.142373 0.031553 0.040678
0 0.052184 0.208475 0.036408 0.071186
0 0.202670 0.389831 0.036408 0.061017
0 0.199029 0.247458 0.033981 0.054237
0 0.203883 0.313559 0.029126 0.071186
0 0.349515 0.449153 0.043689 0.084746
0 0.350728 0.303390 0.031553 0.064407
0 0.349515 0.377966 0.033981 0.057627
0 0.350728 0.025424 0.041262 0.044068
0 0.348301 0.825424 0.041262 0.037288
0 0.353155 0.874576 0.041262 0.067797
0 0.500000 0.228814 0.038835 0.064407
2 0.502427 0.342373 0.033981 0.061017
0 0.501214 0.274576 0.041262 0.047458
0 0.498786 0.381356 0.026699 0.057627
0 0.501214 0.444068 0.041262 0.074576
0 0.500000 0.498305 0.033981 0.047458
0 0.497573 0.550847 0.033981 0.077966
0 0.650485 0.177966 0.033981 0.057627
0 0.654126 0.227119 0.031553 0.061017
0 0.650485 0.730508 0.038835 0.071186
0 0.800971 0.454237 0.043689 0.047458
0 0.800971 0.508475 0.043689 0.047458
0 0.802184 0.661017 0.041262 0.047458
0 0.946602 0.484746 0.029126 0.088136
0 0.949029 0.698305 0.029126 0.054237
0 0.947816 0.772881 0.041262 0.088136
