0 0.079812 0.141176 0.032864 0.070588
0 0.077465 0.231373 0.042254 0.101961
0 0.221831 0.201961 0.044601 0.090196
0 0.227700 0.117647 0.042254 0.094118
0 0.214789 0.654902 0.039906 0.054902
0 0.215962 0.749020 0.028169 0.101961
0 0.212441 0.896078 0.044601 0.074510
0 0.510563 0.113725 0.044601 0.109804
0 0.654930 0.200000 0.037559 0.086275
0 0.646714 0.678431 0.039906 0.086275
0 0.943662 0.368627 0.046948 0.101961
0 0.788732 0.645098 0.037559 0.050980
0 0.787559 0.688235 0.039906 0.050980
0 0.786385 0.754902 0.042254 0.082353
0 0.786385 0.847059 0.042254 0.086275
0 0.785211 0.931373 0.049296 0.098039
