0 0.566919 0.586957 0.042929 0.064182
0 0.375631 0.900621 0.036616 0.082816
0 0.422980 0.880952 0.047980 0.076605
0 0.330177 0.421325 0.036616 0.068323
1 0.513258 0.689441 0.044192 0.107660
1 0.380682 0.568323 0.044192 0.118012
1 0.473485 0.524845 0.065657 0.076605
1 0.361742 0.734990 0.064394 0.078675
1 0.387626 0.824017 0.063131 0.066253
1 0.643308 0.696687 0.069444 0.084886
1 0.425505 0.625259 0.055556 0.082816
1 0.410985 0.692547 0.041667 0.097308
1 0.565657 0.681159 0.073232 0.066253
1 0.613005 0.573499 0.054293 0.120083
