0 0.054622 0.369048 0.042017 0.041667
0 0.184874 0.269345 0.029412 0.080357
0 0.319328 0.285714 0.025210 0.053571
0 0.315126 0.495536 0.025210 0.044643
0 0.316176 0.781250 0.031513 0.044643
0 0.443277 0.525298 0.029412 0.062500
0 0.449580 0.443452 0.037815 0.047619
0 0.441176 0.721726 0.029412 0.038690
0 0.579832 0.400298 0.033613 0.074405
0 0.577731 0.339286 0.025210 0.053571
0 0.588235 0.108631 0.037815 0.062500
0 0.715336 0.142857 0.035714 0.041667
3 0.712185 0.196429 0.029412 0.071429
0 0.713235 0.252976 0.035714 0.053571
0 0.711134 0.377976 0.027311 0.059524
0 0.837185 0.784226 0.027311 0.044643
0 0.965336 0.761905 0.031513 0.065476
0 0.834034 0.843750 0.025210 0.068452
0 0.834034 0.898810 0.037815 0.059524
0 0.705882 0.941964 0.029412 0.044643
