0 0.048975 0.046089 0.029613 0.036313
0 0.045558 0.099162 0.027335 0.058659
0 0.046697 0.153631 0.047836 0.061453
0 0.035308 0.740223 0.029613 0.044693
0 0.171982 0.750000 0.052392 0.058659
0 0.187927 0.029330 0.034169 0.053073
0 0.329157 0.053073 0.034169 0.061453
0 0.333713 0.013966 0.043280 0.022346
0 0.608200 0.255587 0.031891 0.041899
0 0.458998 0.435754 0.034169 0.055866
0 0.458998 0.483240 0.034169 0.050279
0 0.457859 0.515363 0.041002 0.030726
0 0.602506 0.428771 0.034169 0.053073
0 0.595672 0.642458 0.029613 0.072626
0 0.880410 0.378492 0.034169 0.053073
0 0.599089 0.529330 0.036446 0.069832
0 0.592255 0.773743 0.036446 0.061453
0 0.589977 0.980447 0.031891 0.039106
0 0.876993 0.590782 0.041002 0.058659
0 0.878132 0.479050 0.029613 0.058659
0 0.881549 0.432961 0.036446 0.055866
2 0.456720 0.544693 0.029613 0.039106
2 0.601367 0.477654 0.031891 0.050279
2 0.724374 0.967877 0.027335 0.058659
0 0.733485 0.923184 0.036446 0.053073
4 0.889522 0.037709 0.038724 0.069832
