0 0.073935 0.212121 0.042607 0.047138
0 0.073935 0.372054 0.047619 0.050505
0 0.230576 0.415825 0.035088 0.077441
0 0.538847 0.077441 0.040100 0.067340
0 0.849624 0.043771 0.035088 0.060606
0 0.850877 0.126263 0.037594 0.077441
0 0.538847 0.143098 0.025063 0.063973
0 0.535088 0.245791 0.042607 0.060606
0 0.541353 0.311448 0.035088 0.077441
0 0.552632 0.419192 0.032581 0.070707
0 0.538847 0.553872 0.045113 0.084175
0 0.542607 0.818182 0.037594 0.040404
0 0.543860 0.919192 0.045113 0.047138
0 0.694236 0.863636 0.025063 0.063973
2 0.538847 0.486532 0.030075 0.070707
