0 0.056164 0.034946 0.035616 0.043011
0 0.054795 0.088710 0.043836 0.059140
0 0.220548 0.274194 0.046575 0.059140
0 0.223288 0.223118 0.030137 0.048387
0 0.217808 0.778226 0.035616 0.034946
0 0.220548 0.825269 0.046575 0.053763
0 0.386301 0.588710 0.060274 0.048387
0 0.393151 0.622312 0.041096 0.040323
0 0.390411 0.713710 0.052055 0.040323
0 0.561644 0.388441 0.032877 0.056452
0 0.556164 0.448925 0.038356 0.059140
0 0.563014 0.565860 0.052055 0.040323
0 0.732877 0.250000 0.046575 0.032258
0 0.732877 0.395161 0.041096 0.048387
0 0.730137 0.440860 0.035616 0.048387
0 0.735616 0.483871 0.041096 0.053763
0 0.731507 0.534946 0.049315 0.059140
0 0.731507 0.577957 0.032877 0.032258
0 0.727397 0.626344 0.041096 0.064516
0 0.897260 0.713710 0.046575 0.045699
4 0.894521 0.772849 0.046575 0.061828
