1 0.113546 0.441617 0.027888 0.074850
0 0.111554 0.523952 0.031873 0.071856
0 0.366534 0.173653 0.031873 0.059880
0 0.108566 0.814371 0.037849 0.029940
0 0.362550 0.462575 0.027888 0.032934
0 0.361554 0.491018 0.025896 0.029940
0 0.361554 0.529940 0.029880 0.065868
0 0.354582 0.580838 0.031873 0.047904
0 0.358566 0.633234 0.031873 0.068862
0 0.613546 0.297904 0.023904 0.050898
0 0.481076 0.690120 0.021912 0.038922
0 0.485060 0.755988 0.029880 0.044910
0 0.109562 0.977545 0.023904 0.044910
4 0.602590 0.802395 0.029880 0.065868
0 0.615538 0.378743 0.027888 0.032934
0 0.611554 0.416168 0.027888 0.065868
0 0.734064 0.326347 0.025896 0.059880
0 0.736056 0.444611 0.029880 0.056886
0 0.871514 0.197605 0.045817 0.071856
