0 0.092532 0.317114 0.042208 0.063758
0 0.103896 0.201342 0.058442 0.073826
0 0.100649 0.689597 0.045455 0.063758
0 0.102273 0.137584 0.042208 0.067114
0 0.301948 0.239933 0.051948 0.077181
0 0.305195 0.417785 0.038961 0.057047
0 0.310065 0.483221 0.055195 0.073826
0 0.516234 0.156040 0.045455 0.070470
2 0.516234 0.216443 0.038961 0.043624
4 0.509740 0.256711 0.045455 0.057047
0 0.509740 0.320470 0.038961 0.050336
0 0.504870 0.645973 0.055195 0.050336
0 0.506494 0.758389 0.051948 0.067114
0 0.918831 0.533557 0.051948 0.073826
0 0.913961 0.595638 0.055195 0.057047
0 0.909091 0.657718 0.038961 0.053691
0 0.904221 0.728188 0.048701 0.073826
0 0.909091 0.953020 0.045455 0.067114
1 0.904221 0.877517 0.048701 0.077181
4 0.707792 0.560403 0.058442 0.046980
