0 0.135385 0.216129 0.049231 0.070968
0 0.133846 0.275806 0.058462 0.054839
0 0.132308 0.338710 0.036923 0.051613
0 0.123077 0.408065 0.049231 0.080645
1 0.127692 0.548387 0.033846 0.077419
0 0.126154 0.622581 0.049231 0.064516
0 0.121538 0.712903 0.046154 0.070968
0 0.329231 0.079032 0.049231 0.061290
0 0.321538 0.270968 0.046154 0.064516
0 0.323077 0.343548 0.036923 0.067742
0 0.323077 0.532258 0.043077 0.051613
0 0.515385 0.314516 0.040000 0.061290
2 0.510769 0.374194 0.049231 0.083871
0 0.512308 0.601613 0.046154 0.054839
0 0.506154 0.656452 0.058462 0.054839
4 0.506154 0.703226 0.058462 0.045161
0 0.509231 0.743548 0.046154 0.054839
0 0.503077 0.882258 0.040000 0.061290
0 0.709231 0.145161 0.040000 0.064516
0 0.707692 0.446774 0.043077 0.054839
0 0.695385 0.508065 0.049231 0.074194
0 0.706154 0.570968 0.046154 0.058065
0 0.698462 0.609677 0.043077 0.058065
4 0.700000 0.688710 0.040000 0.074194
0 0.896923 0.451613 0.033846 0.045161
