0 0.059809 0.333784 0.043062 0.062162
0 0.364833 0.128378 0.040670 0.062162
0 0.209330 0.175676 0.040670 0.032432
0 0.212919 0.225676 0.043062 0.067568
0 0.211722 0.285135 0.035885 0.056757
0 0.364833 0.077027 0.040670 0.051351
0 0.649522 0.177027 0.031100 0.029730
0 0.650718 0.214865 0.033493 0.045946
0 0.360048 0.367568 0.040670 0.070270
0 0.205742 0.605405 0.033493 0.048649
0 0.200957 0.650000 0.038278 0.045946
0 0.199761 0.698649 0.031100 0.056757
0 0.504785 0.468919 0.038278 0.051351
0 0.498804 0.578378 0.040670 0.070270
0 0.502392 0.524324 0.028708 0.032432
0 0.642344 0.739189 0.035885 0.040541
0 0.638756 0.781081 0.047847 0.048649
0 0.632775 0.859459 0.035885 0.054054
0 0.631579 0.893243 0.033493 0.040541
0 0.776316 0.875676 0.026316 0.048649
0 0.781100 0.913514 0.040670 0.043243
0 0.766746 0.948649 0.035885 0.037838
0 0.923445 0.901351 0.043062 0.051351
2 0.643541 0.577027 0.047847 0.056757
2 0.632775 0.821622 0.040670 0.037838
