0 0.091398 0.720238 0.037634 0.067460
2 0.419355 0.440476 0.043011 0.087302
0 0.416667 0.261905 0.037634 0.087302
0 0.248656 0.325397 0.034946 0.087302
0 0.252688 0.158730 0.037634 0.055556
0 0.250000 0.702381 0.048387 0.071429
0 0.254032 0.769841 0.045699 0.079365
0 0.419355 0.335317 0.037634 0.067460
2 0.418011 0.382937 0.056452 0.051587
0 0.423387 0.539683 0.034946 0.095238
0 0.419355 0.730159 0.037634 0.087302
0 0.752688 0.759921 0.037634 0.123016
0 0.919355 0.148810 0.037634 0.107143
0 0.579301 0.055556 0.040323 0.063492
0 0.583333 0.123016 0.037634 0.087302
0 0.579301 0.230159 0.040323 0.063492
0 0.748656 0.408730 0.051075 0.055556
0 0.748656 0.456349 0.040323 0.055556
0 0.755376 0.515873 0.032258 0.079365
0 0.751344 0.599206 0.040323 0.087302
