2 0.227882 0.604779 0.032172 0.047794
2 0.884718 0.531250 0.037534 0.055147
0 0.057641 0.095588 0.040214 0.117647
0 0.392761 0.441176 0.034853 0.073529
0 0.395442 0.604779 0.034853 0.062500
0 0.388740 0.893382 0.042895 0.066176
0 0.229223 0.661765 0.029491 0.051471
0 0.233244 0.709559 0.037534 0.066176
0 0.722520 0.215074 0.045576 0.077206
0 0.891421 0.095588 0.034853 0.088235
0 0.558981 0.156250 0.034853 0.077206
0 0.725201 0.538603 0.040214 0.062500
0 0.723861 0.608456 0.048257 0.069853
0 0.888740 0.575368 0.045576 0.040441
0 0.887399 0.617647 0.042895 0.036765
0 0.890080 0.661765 0.042895 0.073529
0 0.887399 0.735294 0.042895 0.073529
0 0.890080 0.487132 0.037534 0.055147
4 0.225201 0.534926 0.048257 0.062500
4 0.556300 0.261029 0.045576 0.102941
