0 0.101597 0.443750 0.075472 0.054167
0 0.063135 0.370833 0.076923 0.055556
0 0.399129 0.672222 0.052250 0.061111
0 0.545718 0.322917 0.049347 0.054167
1 0.153846 0.393056 0.066763 0.097222
1 0.301161 0.588889 0.103048 0.055556
1 0.317126 0.668056 0.059507 0.102778
1 0.304064 0.778472 0.071118 0.095833
1 0.423803 0.738194 0.121916 0.056944
1 0.458636 0.538889 0.060958 0.100000
1 0.238026 0.356944 0.072569 0.097222
1 0.291727 0.436806 0.092888 0.062500
1 0.407837 0.398611 0.110305 0.061111
0 0.368650 0.457639 0.069666 0.076389
