0 0.051418 0.108407 0.028369 0.075221
0 0.162234 0.769912 0.026596 0.079646
0 0.163121 0.834071 0.028369 0.075221
0 0.269504 0.285398 0.024823 0.066372
2 0.272163 0.533186 0.030142 0.066372
0 0.381206 0.371681 0.024823 0.088496
0 0.486702 0.431416 0.033688 0.101770
0 0.490248 0.539823 0.026596 0.097345
0 0.489362 0.703540 0.021277 0.123894
0 0.594858 0.858407 0.023050 0.061947
0 0.814716 0.579646 0.030142 0.097345
0 0.818262 0.701327 0.030142 0.092920
0 0.813830 0.794248 0.024823 0.101770
1 0.816489 0.915929 0.023050 0.106195
0 0.923759 0.608407 0.028369 0.084071
