0 0.127937 0.478827 0.036554 0.078176
0 0.288512 0.614007 0.033943 0.042345
0 0.288512 0.864821 0.039164 0.068404
0 0.129243 0.944625 0.033943 0.045603
0 0.284595 0.929967 0.036554 0.055375
0 0.449086 0.586319 0.036554 0.045603
0 0.450392 0.636808 0.044386 0.035831
0 0.447781 0.680782 0.039164 0.071661
0 0.451697 0.369707 0.041775 0.055375
0 0.447781 0.312704 0.044386 0.071661
0 0.449086 0.270358 0.052219 0.045603
0 0.447781 0.228013 0.049608 0.052117
0 0.450392 0.087948 0.044386 0.078176
0 0.776762 0.091205 0.033943 0.058632
0 0.774151 0.294788 0.044386 0.042345
0 0.775457 0.353420 0.041775 0.068404
0 0.943864 0.465798 0.039164 0.065147
0 0.929504 0.617264 0.036554 0.055375
0 0.936031 0.824104 0.039164 0.045603
