0 0.106688 0.206790 0.054140 0.117284
0 0.105096 0.305556 0.044586 0.129630
0 0.101911 0.447531 0.057325 0.166667
0 0.100318 0.873457 0.047771 0.129630
0 0.304140 0.179012 0.041401 0.123457
0 0.305732 0.290123 0.044586 0.111111
0 0.299363 0.500000 0.057325 0.098765
0 0.299363 0.598765 0.057325 0.135802
0 0.492038 0.441358 0.041401 0.080247
0 0.492038 0.524691 0.047771 0.098765
0 0.488854 0.734568 0.035032 0.111111
0 0.683121 0.595679 0.041401 0.117284
0 0.885350 0.444444 0.057325 0.135802
0 0.888535 0.274691 0.057325 0.104938
0 0.888535 0.160494 0.050955 0.086420
