0 0.065891 0.385827 0.031008 0.070866
4 0.304264 0.696850 0.031008 0.118110
2 0.189922 0.108268 0.031008 0.090551
0 0.310078 0.131890 0.023256 0.059055
0 0.431202 0.171260 0.025194 0.074803
2 0.429264 0.222441 0.025194 0.043307
0 0.428295 0.289370 0.031008 0.098425
0 0.425388 0.637795 0.029070 0.078740
0 0.551357 0.440945 0.032946 0.078740
0 0.545543 0.751969 0.036822 0.062992
0 0.669574 0.336614 0.029070 0.059055
0 0.666667 0.564961 0.038760 0.066929
0 0.669574 0.639764 0.032946 0.082677
0 0.666667 0.879921 0.027132 0.059055
0 0.661822 0.927165 0.029070 0.059055
0 0.905039 0.643701 0.027132 0.090551
