0 0.074150 0.253333 0.018538 0.120000
0 0.075695 0.356667 0.021627 0.100000
0 0.141092 0.186667 0.010299 0.133333
0 0.141092 0.686667 0.018538 0.093333
0 0.204428 0.280000 0.011329 0.106667
4 0.199794 0.633333 0.016478 0.120000
0 0.202884 0.816667 0.018538 0.126667
0 0.204943 0.933333 0.018538 0.133333
0 0.267765 0.266667 0.018538 0.160000
0 0.268795 0.400000 0.018538 0.120000
0 0.397013 0.340000 0.019567 0.106667
0 0.398043 0.436667 0.023687 0.113333
0 0.397528 0.560000 0.018538 0.186667
0 0.457261 0.773333 0.018538 0.133333
0 0.460865 0.863333 0.015448 0.126667
0 0.585994 0.786667 0.016478 0.093333
0 0.585479 0.893333 0.013388 0.120000
0 0.650875 0.470000 0.018538 0.140000
0 0.713697 0.710000 0.018538 0.126667
0 0.716272 0.823333 0.017508 0.100000
0 0.712152 0.953333 0.015448 0.093333
0 0.838311 0.926667 0.026777 0.146667
