0 0.027105 0.226190 0.014994 0.238095
0 0.023645 0.452381 0.019608 0.238095
0 0.168397 0.202381 0.018454 0.238095
0 0.307958 0.303571 0.016148 0.226190
0 0.309112 0.130952 0.013841 0.166667
0 0.451557 0.809524 0.019608 0.190476
0 0.591696 0.613095 0.018454 0.178571
0 0.594002 0.119048 0.013841 0.214286
0 0.664937 0.488095 0.017301 0.238095
0 0.667243 0.755952 0.017301 0.250000
0 0.665513 0.928571 0.018454 0.142857
0 0.737024 0.815476 0.023068 0.345238
3 0.807382 0.791667 0.011534 0.273810
0 0.877739 0.892857 0.016148 0.166667
